12389|ROSTELECOM-AS|RU|799|-0.12574|186.7000046223402|54.8442|-179,-173,0,19,20,21,22,27,28,29,30,31,32,33,34,35,36,37,38,39,40,41,42,43,44,45,46,47,48,49,50,51,52,53,54,55,56,57,58,59,60,61,62,63,64,65,66,67,68,69,71,72,73,74,75,76,77,78,79,81,82,83,84,85,86,87,89,90,91,92,94,95,97,99,101,102,103,104,105,106,107,108,109,110,113,114,116,118,123,124,126,127,128,129,130,131,132,133,134,135,136,137,139,140,142,150,158,170,177
9498|BBIL-AP BHARTI Airtel Ltd.|IN|785|-121.856|144.96331024169922|24.3954|-121,-118,-77,-71,2,3,4,5,7,47,69,70,71,72,73,74,75,76,77,78,79,80,81,82,83,84,85,86,87,88,90,91,94,95,103,114,144
9002|RETN-AS|UA|701|-77.3951|37.61555480957031|51.9805|-77,0,4,7,8,18,37
3216|SOVAM-AS|RU|698|20.511|237.22629737854004|52.8209|-122,20,29,30,33,36,37,38,39,40,41,42,44,46,48,49,50,53,56,60,61,63,82,85,86,87,92,104,107,131,135
8220|COLT|GB|684|139.692|378.0648956298828|48.6389|-122,-121,-78,-71,-9,-6,-3,-2,0,2,4,5,6,7,8,9,10,11,12,13,14,16,18,139
20485|TRANSTELECOM Moscow Russia|RU|616|2.3488|137.0152428150177|52.5821|2,8,19,20,30,32,36,37,38,39,40,41,50,56,59,60,61,82,92,99,100,113,119,131,133,135,137
4755|TATACOMM-AS TATA Communications formerly VSNL is Leading ISP|IN|595|-122.774|113.25|19.7465|-122,-121,-118,-93,-78,0,3,72,73,74,75,76,77,78,79,80,82,83,84,85,86,88,91,103,113
31133|MF-MGSM-AS PJSC MegaFon|RU|521|30.8181|118.29861259460449|55.1034|30,31,32,33,34,36,37,38,39,40,41,42,43,44,45,46,47,49,50,51,52,55,56,104,118
46887|LIGHTOWER - Lightower Fiber Networks I LLC|US|501|-122.312|-70.70140075683594|41.0497|-122,-118,-117,-116,-114,-96,-93,-87,-84,-82,-81,-80,-78,-77,-76,-75,-74,-73,-72,-71,-70
22773|ASN-CXA-ALL-CCI-22773-RDC - Cox Communications Inc.|US|489|-155.996|-71.09684753417969|35.1143|-155,-124,-123,-122,-121,-120,-119,-118,-117,-116,-115,-114,-112,-111,-110,-108,-107,-106,-105,-104,-102,-101,-100,-99,-98,-97,-96,-95,-94,-93,-92,-91,-90,-89,-88,-87,-86,-85,-84,-83,-82,-81,-80,-79,-78,-77,-76,-75,-74,-73,-72,-71
7029|WINDSTREAM - Windstream Communications Inc|US|479|-122.41|13.193214416503906|37.4716|-122,-121,-118,-117,-116,-115,-111,-105,-104,-103,-101,-100,-99,-97,-96,-95,-94,-93,-92,-91,-90,-89,-88,-87,-86,-85,-84,-83,-82,-81,-80,-79,-78,-77,-76,-75,-74,-73,-72,-71,13
4637|ASN-TELSTRA-GLOBAL Telstra Global|HK|477|-2.2431|289.338015794754|0.00796685|-121,-118,-97,-93,-89,-75,-74,-73,-70,-2,0,8,18,72,73,77,80,100,101,103,106,114,115,120,121,126,139,145,147,148,149,151,174
5588|GTSCE GTS Central Europe / Antel Germany|CZ|467|-122.774|28.649993896484375|47.7206|-122,0,9,12,13,14,15,16,17,18,19,21,22,23,24,25,26,27,28
12741|AS-NETIA Warszawa 02-822|PL|465|15.2877|23.34999942779541|51.715|15,16,17,18,19,21,22,23
4766|KIXS-AS-KR Korea Telecom|KR|460|103.85|286.0773468017578|37.096|-122,-118,-97,-95,-83,-75,-73,103,105,113,114,126,127,128,129,139,151
16735|ALGAR TELECOM S/A|BR|430|-67.81|-43.207496643066406|-20.0288|-67,-49,-48,-47,-46,-44,-43
6128|CABLE-NET-1 - Cablevision Systems Corp.|US|423|-122.286|-72.38953018188477|40.6746|-122,-87,-83,-81,-80,-77,-75,-74,-73,-72
4826|VOCUS-BACKBONE-AS Vocus Connect International Backbone|AU|408|115.782|269.6677474975586|-33.9412|-90,115,133,136,137,138,143,144,145,146,147,148,149,150,151,152,153,174
8928|INTEROUTE 25 Canada Square Canary Wharf 31st Floor|GB|398|-96.8847|114.15768432617188|47.5369|-96,-73,-3,-1,0,2,4,6,7,8,9,10,11,12,13,17,18,21,24,37,103,114
20115|CHARTER-NET-HKY-NC - Charter Communications|US|366|-124.422|11.575485229492188|38.4574|-124,-123,-122,-121,-120,-119,-118,-117,-116,-114,-113,-112,-111,-105,-104,-103,-102,-100,-99,-98,-97,-96,-95,-94,-93,-92,-91,-90,-89,-88,-87,-86,-85,-84,-83,-82,-81,-80,-79,-78,-77,-76,-75,-74,-73,-72,-71,-70,11
8359|MTS|RU|365|20.511|142.7336597442627|55.9791|20,30,31,33,37,39,43,47,49,51,52,56,60,61,62,64,73,76,83,94,131,142
3786|LGDACOM LG DACOM Corporation|KR|353|126.119|273.8013458251953|37.4215|-86,126,127,128,129,138,139
18881|TELEFÔNICA BRASIL S.A|BR|340|-67.81|-34.86305618286133|-19.6549|-67,-60,-56,-55,-54,-53,-52,-51,-50,-49,-48,-47,-46,-45,-44,-43,-42,-41,-40,-38,-37,-36,-35,-34
10026|PACNET Pacnet Global Ltd|HK|336|11.5755|274.06755542755127|14.0121|-118,-117,-85,11,73,77,80,103,114,120,121,139,149,151
10429|Telefonica Data S.A.|BR|311|-49.7425|-40.307780265808105|-23.3364|-49,-48,-47,-46,-43,-42,-40
8708|RCS-RDS 73-75 Dr. Staicovici|RO|299|-0.12574|28.79999928176403|45.4996|0,4,21,22,23,24,25,26,27,28
21219|DATAGROUP|UA|298|23.3722|37.80224132537842|49.6029|23,24,25,26,27,28,29,30,31,32,33,34,35,36,37
50607|ASN-EPIX EPIX|PL|289|18.091|21.99901056289673|50.5238|18,19,21
9318|SKB-AS SK Broadband Co Ltd|KR|285|126.522|129.34500217437744|37.2479|126,127,128,129
55410|VODAFONE-NET-AS-AP C48 Okhla Industrial Estate New Delhi-110020|IN|275|-0.12574|91.8831329792738|23.4754|0,69,70,71,72,73,74,75,76,77,78,79,80,81,82,83,85,86,87,88,89,91
1273|CW Vodafone Group PLC|GB|268|-121.224|145.1237335205078|44.8155|-121,-118,-87,-80,-77,-73,-71,-57,-6,-5,-3,-2,-1,0,1,2,4,5,6,8,11,12,103,114,139,145
702|UUNET - MCI Communications Services Inc. d/b/a Verizon Business|US|260|-122.312|67.08219909667969|49.2411|-122,-121,-87,-83,-81,-78,-77,-74,-73,-72,-71,-7,-6,-3,-2,-1,0,2,4,5,6,7,8,9,10,11,12,14,15,16,18,19,23,24,67
8218|NEO-ASN legacy Neotelecoms|FR|257|-1.72171|16.372080087661743|46.5513|-1,0,2,3,4,9,15,16
20764|RASCOM-AS CJSC RASCOM ISP|RU|257|8.61963|35.893059730529785|57.6576|8,30,35
4230|CLARO S.A.|BR|250|-60.025|-35.209442138671875|-21.1369|-60,-56,-51,-49,-48,-47,-46,-45,-44,-43,-42,-40,-38,-35
43531|IXREACH|GB|247|-118.274|55.304725646972656|36.3799|-118,-73,-47,-1,0,55
10796|SCRR-10796 - Time Warner Cable Internet LLC|US|244|-157.821|-72.22598266601562|40.2954|-157,-122,-120,-118,-104,-96,-94,-93,-90,-89,-88,-87,-86,-85,-84,-83,-82,-81,-80,-79,-78,-77,-75,-74,-73,-72
2516|KDDI KDDI CORPORATION|JP|243|127.679|284.4044647216797|35.7502|-121,-95,-75,127,129,130,131,132,133,134,135,136,137,138,139,140,141,142,143
32787|PROLEXIC-TECHNOLOGIES-DDOS-MITIGATION-NETWORK - Akamai Technologies Inc.|US|238|-121.856|147.73332977294922|40.0183|-121,-118,-97,-89,-88,-86,-82,-80,-79,-77,-74,-73,-71,-61,-56,-43,-7,-3,-2,-1,0,2,4,6,8,10,14,46,114,139,147
12874|FASTWEB|IT|236|7.52622|26.10625982284546|43.2164|7,8,9,10,11,12,13,14,15,16,17,18,26
3561|CENTURYLINK-LEGACY-SAVVIS - Savvis|US|235|103.85|368.6841735839844|37.8956|-122,-121,-118,-117,-116,-112,-111,-105,-104,-101,-99,-98,-97,-96,-95,-94,-93,-92,-91,-90,-89,-88,-87,-86,-85,-84,-83,-82,-81,-80,-79,-77,-76,-75,-74,-73,-72,-71,-64,-13,0,3,8,103,114,145
5617|TPNET|PL|233|-3.70256|23.36619997024536|51.6709|-3,14,15,16,17,18,19,20,21,22,23
7385|INTEGRATELECOM - Integra Telecom Inc.|US|233|-123.128|10.885650634765625|42.5267|-123,-122,-121,-120,-119,-118,-117,-112,-111,-108,-104,-103,-93,-92,-82,-80,-74,-71,10
577|BACOM - Bell Canada|CA|231|139.692|363.3384704589844|44.2837|-123,-122,-119,-118,-114,-113,-112,-111,-106,-105,-103,-97,-94,-93,-92,-91,-90,-88,-87,-86,-85,-84,-83,-82,-81,-80,-79,-78,-77,-76,-75,-74,-73,-72,-71,-70,-69,-68,-67,-66,-65,-64,-63,-62,-52,1,3,139
28329|G8 NETWORKS LTDA|BR|228|-62.2158|-37.071672439575195|-20.2204|-62,-61,-55,-54,-52,-51,-50,-49,-48,-47,-46,-43,-37
7713|TELKOMNET-AS-AP PT Telekomunikasi Indonesia|ID|225|-121.705|151.20732879638672|-2.60774|-121,-118,-104,-96,-80,-79,-77,-73,-71,-3,0,2,4,5,6,7,8,9,16,18,21,26,30,37,95,96,99,100,101,103,104,105,106,107,108,109,110,111,112,113,114,116,117,118,119,120,121,122,123,124,125,128,135,136,139,140,151
262589|INTERNEXA Brasil Operadora de Telecomunicações S.A|BR|213|-78.4958|-40.29249954223633|-20.2109|-78,-77,-74,-55,-50,-49,-47,-46,-45,-43,-42,-41,-40
2497|IIJ Internet Initiative Japan Inc.|JP|204|124.156|286.50181579589844|35.5181|-121,-82,-73,124,127,129,130,131,132,133,134,135,136,137,138,139,140,141,142
9049|ERTH-TRANSIT-AS|RU|199|30.2642|92.79166984558105|56.4224|30,31,44,45,49,50,56,73,84,92
13237|LAMBDANET-AS European Backbone of AS13237|DE|196|-2.75208|37.61556148529053|51.3214|-2,0,4,5,6,7,8,9,10,11,12,18,37
5580|HIBERNIA|NL|195|103.85|381.01177978515625|45.3008|-122,-121,-118,-117,-87,-82,-81,-80,-79,-77,-74,-73,-71,-70,-63,-52,-6,-1,0,2,4,5,6,7,8,12,14,18,21,103,114,139,174
9304|HUTCHISON-AS-AP Hutchison Global Communications|HK|194|-122.27|121.53185272216797|22.6942|-122,-118,-71,0,7,114,116,121
9121|TTNET|TR|193|25.909|44.045000076293945|40.1068|25,26,27,28,29,30,31,32,33,34,35,36,37,38,39,40,41,42,43,44
2603|NORDUNET|NO|192|-121.705|18.064903259277344|49.1163|-121,0,4,12,18
7473|SINGTEL-AS-AP Singapore Telecommunications Ltd|SG|189|103.85|126.97782707214355|4.1455|103,114,121,126
24785|JOINTTRANSIT-AS Open Peering BV trading as Joint Transit|NL|182|4.29861|4.298610210418701|52.0767|4
8732|COMCOR-AS Moscow|RU|181|37.1814|40.793298959732056|55.4146|37,40
9050|RTD Bucharest Romania|RO|177|-0.12574|28.79999928176403|45.3358|0,20,21,22,23,24,25,26,27,28
3292|TDC TDC A/S|DK|174|-121.787|22.154647827148438|56.7213|-121,-95,0,5,6,7,8,9,10,11,12,14,17,18,20,22
8881|VERSATEL|DE|173|4.34878|13.738319873809814|51.3272|4,6,7,8,9,10,11,12,13
29076|CITYTELECOM-AS Filanco LTD|RU|173|30.0561|76.63333129882812|58.3832|30,34,37,60,76
20804|ASN-TELENERGO ul. PERKUNA 47 WARSZAWA|PL|171|15.8653|21.01177978515625|52.075|15,16,20,21
2854|ROSPRINT-AS|RU|169|-75.1317|135.09278106689453|50.7101|-75,0,6,10,30,37,44,60,82,131,132,135
34984|TELLCOM-AS|TR|168|-6.26719|44.0841703414917|40.0112|-6,26,27,28,29,30,31,32,33,34,35,36,37,38,39,40,41,42,43,44
15290|ALLST-15290 - Allstream Corp.|CA|168|114.158|296.87340545654297|43.9487|-123,-122,-120,-118,-114,-97,-88,-84,-83,-81,-80,-79,-78,-77,-76,-75,-73,-72,-64,-63,114
11427|SCRR-11427 - Time Warner Cable Internet LLC|US|166|-122.946|-73.92265319824219|33.4275|-122,-120,-119,-118,-106,-104,-100,-99,-98,-97,-96,-95,-94,-93,-88,-87,-86,-85,-81,-80,-73
6327|SHAW - Shaw Communications Inc.|CA|166|-129.887|-52.699066162109375|49.9421|-129,-126,-125,-124,-123,-122,-121,-120,-119,-118,-117,-116,-115,-114,-113,-112,-111,-110,-107,-106,-105,-104,-98,-97,-96,-94,-93,-92,-91,-89,-87,-85,-84,-83,-81,-80,-79,-77,-73,-67,-64,-62,-60,-57,-52
3269|ASN-IBSNAZ|IT|166|7.3166|28.050000190734863|43.802|7,8,9,10,11,12,13,14,15,16,17,18,22,25,26,28
4809|CHINATELECOM-CORE-WAN-CN2 China Telecom Next Generation Carrier Network|CN|165|-118.274|151.20731353759766|28.6858|-118,-87,-80,-78,-77,-73,-46,0,2,8,28,30,55,76,84,95,98,101,102,103,104,105,106,108,109,110,112,113,114,115,116,117,118,119,120,121,123,125,126,139,151
3255|UARNET-AS UARNet|UA|164|-117.946|26.227432250976562|49.709|-117,23,24,25,26
5650|FRONTIER-FRTR - Frontier Communications of America Inc.|US|162|-159.367|-71.45269012451172|34.4278|-159,-157,-123,-122,-121,-120,-119,-118,-117,-116,-115,-114,-112,-111,-109,-105,-103,-101,-99,-98,-97,-96,-95,-94,-93,-92,-90,-89,-88,-87,-86,-85,-84,-83,-82,-81,-80,-79,-78,-77,-76,-75,-74,-73,-72,-71
23520|COLUMBUS-NETWORKS - Columbus Networks USA Inc.|US|162|-118.412|-66.04850387573242|12.3482|-118,-90,-84,-83,-82,-80,-79,-76,-75,-74,-73,-71,-69,-68,-67,-66
286|KPN|NL|160|-0.12574|12.371290251612663|51.3415|0,2,4,5,6,7,8,10,11,12
6663|TTI-NET|RO|158|8.68417|28.049999237060547|45.6356|8,11,17,18,21,23,24,25,26,27,28
11404|AS-VOBIZ - vanoppen.biz LLC|US|155|-124.053|-74.32363510131836|44.4918|-124,-123,-122,-121,-120,-118,-117,-77,-74
3215|AS3215|FR|154|-121.705|55.650306701660156|45.8318|-121,-71,-63,-61,-52,-4,-3,-2,-1,0,1,2,3,4,5,6,7,8,9,11,45,55
5089|NTL|GB|153|-95.3544|8.684173583984375|51.8281|-95,-73,-71,-6,-5,-4,-3,-2,-1,0,1,8
25933|Vogel Soluções em Telecom e Informática S/A|BR|152|-54.1069|-38.48333168029785|-20.6356|-54,-53,-52,-51,-50,-49,-48,-47,-46,-44,-43,-41,-40,-38
16657|FIBERTECH-NETWORKS-AS-ROC-NY-US - Fibertech Networks LLC|US|152|-118.274|-69.82208251953125|41.7131|-118,-117,-96,-87,-86,-85,-84,-83,-82,-81,-80,-79,-78,-77,-76,-75,-74,-73,-72,-71,-69
8717|SPECTRUMNET|BG|150|23.0442|27.916670322418213|42.7367|23,24,25,26,27
28917|FIORD-AS IP-transit operator in Russia and Ukraine|RU|146|37.6156|39.032328605651855|55.2656|37,38,39
3303|SWISSCOM Swisscom (Switzerland) Ltd|CH|145|-121.856|9.958854675292969|47.0896|-121,-88,-79,6,7,8,9
7303|Telecom Argentina S.A.|AR|143|-99.1277|-54.133331298828125|-32.2427|-99,-71,-69,-68,-67,-66,-65,-64,-63,-62,-61,-60,-59,-58,-57,-56,-55,-54
7738|Telemar Norte Leste S.A.|BR|143|-60.6733|-34.86305809020996|-17.2124|-60,-59,-54,-52,-51,-49,-48,-47,-46,-45,-44,-43,-42,-41,-40,-39,-38,-37,-36,-35,-34
4761|INDOSAT-INP-AP INDOSAT Internet Network Provider|ID|142|96.7009|282.6049041748047|-5.45758|-95,-77,96,98,99,100,101,102,104,105,106,107,108,109,110,111,112,114,115,116,117,119,123
4713|OCN NTT Communications Corporation|JP|141|127.679|288.65049743652344|36.1875|-116,-96,-75,-71,127,129,130,132,133,134,135,136,137,138,139,140,141,143,144
4657|STARHUBINTERNET-AS StarHub Internet Exchange|SG|141|103.85|286.50181579589844|2.04494|-105,-79,-73,103,139
12552|IPO-EU|SE|141|-121.759|69.17232513427734|58.7848|-121,-58,0,2,5,6,9,10,11,12,13,14,15,16,17,18,20,21,23,24,69
23005|SWITCH-LTD - SWITCH LTD|US|140|-122.199|-71.1089096069336|35.8418|-122,-121,-118,-117,-114,-112,-111,-96,-87,-80,-79,-75,-71
22927|Telefonica de Argentina|AR|139|-72.3508|-57.55753993988037|-34.9868|-72,-70,-69,-68,-65,-64,-63,-62,-61,-60,-59,-58,-57
812|ROGERS-CABLE - Rogers Cable Communications Inc.|CA|139|-123.703|-52.699066162109375|44.3794|-123,-122,-119,-118,-114,-113,-104,-100,-97,-83,-82,-81,-80,-79,-78,-77,-75,-74,-73,-68,-66,-65,-64,-63,-52
852|ASN852 - TELUS Communications Inc.|CA|137|-128.641|9.18951416015625|49.2112|-128,-127,-125,-124,-123,-122,-121,-120,-119,-118,-117,-116,-115,-114,-113,-112,-111,-110,-104,-84,-82,-81,-80,-79,-78,-77,-76,-75,-74,-73,-72,-71,-70,-69,-68,-67,-65,-64,-63,9
23106|Cemig Telecomunicações SA|BR|136|-47.9319|-36.91860771179199|-14.8034|-47,-46,-44,-43,-42,-41,-38,-36
20473|AS-CHOOPA - Choopa LLC|US|134|-122.312|153.53224182128906|35.9873|-122,-121,-118,-117,-116,-114,-104,-103,-98,-96,-95,-93,-90,-89,-87,-86,-83,-82,-81,-80,-79,-77,-76,-75,-74,-73,-71,-58,-56,-46,-45,-3,-2,0,2,3,4,5,7,8,9,10,17,19,21,22,23,24,25,26,27,28,30,77,103,106,114,123,138,139,151,152,153
9299|IPG-AS-AP Philippine Long Distance Telephone Company|PH|132|73.8553|282.6049041748047|14.4071|-118,-77,73,118,119,120,121,122,123,124,125,126,139
35320|ETT-AS|UA|131|30.5238|30.523799896240234|50.4547|30
15694|ATMAN-ISP-AS ATMAN's ISP Autonomous System|PL|131|-122.774|22.616668701171875|51.7904|-122,15,16,17,18,19,20,21,22
23947|MORATELINDONAP-AS-ID PT.Mora Telematika Indonesia|ID|131|103.617|114.15768909454346|-5.60247|103,104,105,106,107,108,109,110,114
13789|INTERNAP-BLK3 - Internap Network Services Corporation|US|128|-120.761|8.684165954589844|40.6729|-120,-118,-87,-82,-81,-77,-74,-73,-72,0,8
12989|HWNG|NL|128|-122.312|103.85006713867188|35.807|-122,-121,-118,-117,-112,-96,-87,-82,-81,-80,-77,-73,-71,-70,-46,0,2,4,8,103
26615|Tim Celular S.A.|BR|127|-67.1856|-34.86306381225586|-20.065|-67,-60,-56,-54,-53,-52,-51,-50,-49,-48,-47,-46,-45,-44,-43,-42,-41,-40,-39,-38,-37,-36,-35,-34
3352|TELEFONICA_DE_ESPANA|ES|127|-97.0041|11.575492858886719|39.8413|-97,-16,-15,-14,-13,-9,-8,-7,-6,-5,-4,-3,-2,-1,0,1,2,3,4,11
1680|NV-ASN 013 NetVision Ltd.|IL|126|-89.0554|35.304168701171875|32.5324|-89,34,35
8551|BEZEQ-INTERNATIONAL-AS Bezeqint Internet Backbone|IL|126|-118.274|35.56861114501953|32.1503|-118,-77,2,34,35
33891|CORE-BACKBONE|DE|125|-95.3544|18.064903259277344|49.1958|-95,-73,-3,0,4,8,9,10,11,12,18
37100|SEACOM-AS|MU|121|28.0589|57.520280838012695|-19.4831|28,36,57
7049|Silica Networks Argentina S.A.|AR|121|-72.65|-57.557541847229004|-35.149|-72,-71,-70,-68,-67,-65,-64,-63,-62,-61,-60,-59,-58,-57
16265|LEASEWEB-NETWORK Amsterdam Netherlands|NL|119|4.88969|4.889689922332764|52.374|4
8447|TELEKOM-AT A1 Telekom Austria AG|AT|117|-121.956|16.945030212402344|47.835|-121,8,9,12,13,14,15,16
5603|SIOL-NET Formerly SiOL Internet d.o.o.|SI|113|13.5528|16.03781008720398|46.0915|13,14,15,16
5483|HTC-AS Magyar Telekom Nyrt.|HU|112|16.541|26.13333034515381|47.2362|16,17,18,19,20,21,22,23,24,25,26
17676|GIGAINFRA Softbank BB Corp.|JP|111|114.158|285.27489471435547|35.6472|-121,-120,-74,114,127,128,129,130,131,132,133,134,135,136,137,138,139,140,141,142,143
11537|ABILENE - Internet2|US|111|-95.3544|-77.01620292663574|37.9125|-95,-94,-83,-82,-77
5400|BT|GB|110|151.207|379.4666748046875|46.363|-121,-105,-90,-87,-82,-73,-3,-2,-1,0,2,3,4,5,6,7,8,9,11,12,18,19,151
58463|PGASCOM-AS-AP PT.PGAS TELEKOMUNIKASI NUSANTARA|ID|109|106.845|106.84513092041016|-6.21462|106
13030|INIT7|CH|108|-0.12574|9.89163975417614|47.7675|0,7,8,9
8866|BTC-AS BULGARIA|BG|106|22.6425|28.333330154418945|42.681|22,23,24,25,26,27,28
1257|TELE2|SE|106|-121.787|28.190277099609375|58.0402|-121,0,11,12,13,14,15,16,17,18,21,22,23,24,25,26,27,28
12578|APOLLO-AS Latvia|LV|105|21.5606|27.716670036315918|56.9683|21,23,24,25,26,27
3209|VODANET International IP-Backbone of Vodafone|DE|103|-121.705|13.738319396972656|50.3588|-121,-112,-75,0,6,7,8,9,10,11,12,13
34224|NETERRA-AS|BG|101|7.6|27.916669368743896|42.7696|7,23,24,25,27
26554|US-SIGNAL - US Signal Company L.L.C.|US|101|-116.974|-83.15553665161133|42.0008|-116,-89,-88,-87,-86,-85,-83
3267|RUNNET|RU|100|30.2642|107.60978889465332|56.5408|30,37,39,46,73,82,86,92,107
53237|TELECOMUNICACOES BRASILEIRAS S. A. - TELEBRAS|BR|100|-63.9039|-46.43610954284668|-15.8179|-63,-51,-47,-46
31500|GLOBALNET-AS|RU|99|30.2642|30.340459689497948|59.8854|30
1764|NEXTLAYER-AS|AT|98|-77.1452|16.37207794189453|47.7792|-77,12,13,14,16
4775|GLOBE-TELECOM-AS Globe Telecoms|PH|97|120.278|139.69169998168945|13.9923|120,121,122,123,124,125,126,139
15772|WNET Kyiv Ukraine|UA|96|-73.9227|36.252723693847656|49.1604|-73,30,31,36
53062|G G NET - Telecomunicações LTDA EPP|BR|96|-51.5047|-48.84943866729736|-26.8341|-51,-50,-49,-48
3758|SINGNET SingNet|SG|95|103.85|362.3487854003906|2.02792|-117,-85,-81,2,103,151
20001|ROADRUNNER-WEST - Time Warner Cable Internet LLC|US|94|-159.527|-77.49009704589844|32.5284|-159,-157,-156,-155,-122,-121,-120,-119,-118,-117,-116,-115,-114,-111,-107,-106,-105,-97,-94,-85,-80,-78,-77
24724|ATMAN-FOREIGN-AS ATMAN's Foreign Autonomous System|PL|94|21.0118|21.01177978515625|52.2298|21
28598|Mob Servicos de Telecomunicacoes Ltda|BR|93|-80.4825|-34.86305618286133|-4.47606|-80,-46,-44,-42,-40,-39,-38,-34
4788|TMNET-AS-AP TM Net Internet Service Provider|MY|93|99.8|370.68016052246094|6.8831|-118,-77,-71,10,99,100,101,102,103,110,111,113,114,116,118,153
6730|SUNRISE|CH|93|6.59266|9.343009948730469|47.1034|6,7,8,9
15830|TELECITY-LON|GB|93|-121.895|37.615562438964844|50.4801|-121,-96,-93,-80,-6,-2,-1,0,2,4,5,6,7,8,9,11,12,13,16,17,18,32,37
30781|JAGUAR-AS|FR|92|-0.12574|7.120399996638298|46.5435|0,2,4,5,7
6739|ONO-AS Cableuropa - ONO|ES|92|-16.3727|4.011808395385742|38.9929|-16,-15,-13,-7,-6,-5,-4,-3,-2,-1,0,2,3,4
8455|ATOM86-AS ATOM86|NL|92|4.34878|11.966790199279785|52.2064|4,5,6,11
13649|ASN-VINS - ViaWest|US|92|147.733|289.7104797363281|39.048|-123,-122,-121,-120,-118,-117,-116,-115,-114,-112,-111,-106,-105,-104,-97,-96,-95,-93,-91,-90,-88,-84,-78,-77,-75,-70,147
9009|M247|GB|92|-122.818|139.69170379638672|43.7266|-122,-121,-120,-118,-117,-114,-110,-108,-105,-103,-96,-95,-87,-86,-82,-81,-80,-78,-77,-76,-75,-74,-73,-6,-3,-2,-1,0,1,2,4,6,8,9,10,12,14,16,18,19,23,24,25,26,27,28,31,33,34,44,49,55,58,67,68,69,71,72,74,84,86,92,100,103,107,114,126,139
28368|SOBRALNET SERVICOS E TELECOMUNICACOES LTDA - ME|BR|91|-49.1667|-34.88111209869385|-5.1771|-49,-44,-43,-41,-40,-39,-38,-37,-36,-35,-34
18403|FPT-AS-AP The Corporation for Financing & Promoting Technology|VN|90|103.017|109.30000019073486|16.9432|103,104,105,106,107,108,109
14840|COMMCORP COMUNICACOES LTDA|BR|90|-51.3364|-36.49278163909912|-21.4226|-51,-49,-48,-46,-41,-36
3223|VOXILITY|RO|90|-122.312|153.02809143066406|42.1909|-122,-118,-114,-95,-88,-87,-82,-81,-80,-77,-73,-6,-1,0,2,4,6,8,10,16,18,21,22,23,24,26,35,67,109,114,115,153
12182|INTERNAP-2BLK - Internap Network Services Corporation|US|88|-122.531|-72.19567489624023|36.4064|-122,-121,-119,-118,-111,-92,-82,-77,-74,-73,-72
1267|ASN-WINDTRE IUNET|IT|88|4.40346|131.87352991104126|44.3138|4,6,7,8,9,10,11,12,13,14,15,16,17,18,131
2119|TELENOR-NEXTEL Telenor Norge AS|NO|88|-95.632|30.04578399658203|59.2777|-95,-77,5,6,7,8,9,10,11,12,13,14,15,16,17,18,20,22,30
2907|SINET-AS Research Organization of Information and Systems National Institute of Informatics|JP|87|127.679|144.38299942016602|35.5821|127,130,131,132,133,134,135,136,137,138,139,140,141,144
33132|FPL-FIBERNET - FPL FiberNet LLC|US|87|-98.0859|-80.07669067382812|27.2615|-98,-97,-96,-95,-84,-82,-81,-80
62081|ASN-SNRRSIEP|PL|87|18.9328|18.932819366455078|50.348|18
39737|NETVISION-AS|RO|85|23.8|27.433329343795776|44.7284|23,24,25,26,27
14868|COPEL Telecomunicações S.A.|BR|84|-54.5881|-41.533058166503906|-24.8869|-54,-53,-52,-51,-50,-49,-48,-46,-41
42525|GLOBALCONNECT-NETWORK|DK|84|2.39252|18.064900398254395|55.7736|2,9,10,11,12,18
10913|INTERNAP-BLK - Internap Network Services Corporation|US|84|-122.312|-71.15227890014648|37.417|-122,-118,-117,-90,-87,-82,-80,-79,-78,-77,-76,-71
2152|CSUNET-NW - California State University Office of the Chancellor|US|84|-123.356|-75.28643417358398|35.6019|-123,-122,-121,-120,-119,-118,-117,-116,-114,-95,-86,-75
52965|1TELECOM SERVICOS DE TECNOLOGIA EM INTERNET LTDA|BR|83|-35.9447|-34.88111126422882|-8.10629|-35,-34
52361|ARSAT - Empresa Argentina de Soluciones Satelitales S.A.|AR|83|-69.2181|-58.37723159790039|-35.7441|-69,-68,-67,-66,-62,-60,-58
703|UUNET - MCI Communications Services Inc. d/b/a Verizon Business|US|82|72.8479|357.76258087158203|4.50597|-121,-118,-117,-94,-87,-83,-81,-80,-79,-77,-74,-73,-2,72,77,103,114,115,121,126,138,139,143,144,145,149,150,151,153,174
22911|SINAP-TIX - SINAP-TIX LLC|US|82|-122.153|-0.7198562622070312|36.7334|-122,-121,-119,-118,-117,-114,-83,-77,-73,0
15557|LDCOMNET|FR|82|-3.92245|7.665610313415527|48.0957|-3,-1,1,2,3,4,5,6,7
9381|WTT-AS-AP WTT HK Limited|HK|82|-77.6798|139.6916961669922|22.5613|-77,-73,8,114,139
12880|DCI-AS|IR|82|23.3242|59.606201171875|35.3912|23,45,46,47,48,49,50,51,52,53,54,56,57,59
15412|FLAG-AS Flag Telecom Global Internet AS|GB|81|-0.12574|237.73126988112926|32.2759|-122,0,31,103,114,116,126
34779|T-2-AS AS set propagated by T-2 d.o.o.|SI|81|13.6411|15.831390380859375|46.2387|13,14,15
8641|NAUKANET-AS|RU|81|35.8931|37.61555874347687|55.6977|35,36,37
28343|TPA TELECOMUNICACOES LTDA|BR|80|-54.1069|-48.549171447753906|-27.3437|-54,-51,-50,-49,-48
31027|NIANET-AS Nianet is a Danish carrier and Internet Service Provider|DK|80|-71.2421|12.565528869628906|55.7066|-71,8,9,10,11,12
3301|TELIANET-SWEDEN Telia Company|SE|79|11.1712|37.61556053161621|60.2652|11,12,13,14,15,16,17,18,19,20,22,23,24,37
25478|IHOME-AS iHome LLC|RU|79|37.6156|37.61555862426758|55.7522|37
13249|ITS-UA IT Systems LLC|UA|79|23.3242|30.523799896240234|49.9698|23,30
39392|SUPERNETWORK-AS Bilejova 407|CZ|79|14.4208|18.143020153045654|50.0181|14,18
16397|EQUINIX BRASIL SP|BR|78|-46.6361|-43.20749831199646|-23.5366|-46,-43
7575|AARNET-AS-AP Australian Academic and Reasearch Network (AARNet)|AU|77|114.623|153.2772979736328|-33.1549|114,115,130,138,142,143,144,145,146,147,149,150,151,152,153
42020|LIBANTELECOM|LB|77|35.4944|35.566389098763466|33.8891|35
33363|BHN-TAMPA - BRIGHT HOUSE NETWORKS LLC|US|76|-119.062|-71.45268630981445|30.6752|-119,-118,-117,-114,-98,-95,-90,-89,-87,-86,-85,-84,-83,-82,-81,-80,-77,-75,-74,-73,-71
8400|TELEKOM-AS|RS|75|19.6318|21.903329610824585|44.6234|19,20,21
55002|DEFENSE-NET - Defense.Net Inc|US|75|-122.312|28.043624877929688|35.2546|-122,-84,-82,-81,-80,-77,-73,-71,-40,-2,18,28
13768|PEER1 - Peer 1 Network (USA) Inc.|CA|74|151.617|368.61962890625|40.3474|-123,-122,-121,-120,-118,-117,-99,-96,-92,-87,-84,-82,-81,-80,-79,-77,-74,-73,-72,-63,-1,0,7,8,151
15924|BORUSANTELEKOM-AS|TR|74|27.1384|43.09494972229004|40.7934|27,28,29,30,31,32,34,35,36,37,40,41,43
30844|LIQUID-AS|GB|74|-2.21253|57.49888825416565|-11.159|-2,0,25,28,30,31,36,39,57
22652|FIBRENOIRE-INTERNET - Fibrenoire Inc.|CA|73|-80.4525|-67.08204364776611|44.7969|-80,-79,-75,-74,-73,-72,-71,-68,-67
26592|EQUINIX BRASIL RJ|BR|73|-46.6361|-43.20749831199646|-22.9795|-46,-43
4134|CHINANET-BACKBONE No.31Jin-rong Street|CN|73|75.9797|286.0773468017578|31.1737|-121,-118,-73,75,77,80,81,82,84,87,88,89,91,92,93,95,98,99,100,101,102,103,104,105,106,107,108,109,110,111,112,113,114,115,116,117,118,119,120,121,122,123,124,125,126,129,130
45177|LAYER2CO-AS-AP Vibe Communications LTD|NZ|73|114.62|263.2263412475586|-32.9373|-121,-96,114,144,151,168,174,175
29119|SERVIHOSTING-AS AireNetworks - StackScale|ES|73|-7.40266|151.2073254585266|38.4604|-7,-6,-5,-4,-3,-2,-1,0,1,2,3,4,5,26,116,126,139,151
11172|Alestra S. de R.L. de C.V.|MX|72|-117.017|-77.4901008605957|23.5842|-117,-115,-110,-107,-106,-104,-103,-102,-101,-100,-99,-98,-97,-96,-94,-93,-92,-91,-89,-86,-77
28146|MHNET TELECOM|BR|71|-54.1069|-44.95972156524658|-27.1975|-54,-53,-52,-51,-50,-44
3741|IS|ZA|71|-122.779|55.44999694824219|-24.8025|-122,-74,-1,0,3,10,12,18,25,26,27,28,29,30,31,55
17451|BIZNET-AS-AP BIZNET NETWORKS|ID|70|100.354|118.98260116577148|-6.91007|100,103,104,106,107,108,109,110,111,112,113,114,115,117,118
10103|HKBN-AS-AP HK Broadband Network Ltd.|HK|70|114.158|114.1576919555664|22.2855|114
37282|MAINONE|NG|69|-0.1969|3.395830050110817|6.09424|0,3
55644|IDEANET1-IN Idea Cellular Limited|IN|69|-77.3951|81.6333236694336|20.2884|-77,-73,70,72,73,74,75,76,77,78,80,81
9505|TWGATE-AP Taiwan Internet Gateway|TW|68|121.532|241.72635650634766|26.5002|-121,-118,121
31242|TKPSA-AS|PL|68|17.0333|21.147140979766846|50.2945|17,18,19,21
58717|SUMMITCOMMUNICATIONS-BD Summit Communications Ltd|BD|67|88.6|91.87166857719421|23.7712|88,89,90,91
8767|MNET-AS Germany|DE|66|-73.2637|12.657493591308594|49.054|-73,7,8,9,10,11,12
8151|Uninet S.A. de C.V.|MX|65|-118.412|-71.06376266479492|21.3099|-118,-117,-116,-115,-114,-113,-112,-111,-110,-109,-108,-107,-106,-105,-104,-103,-102,-101,-100,-99,-98,-97,-96,-95,-94,-93,-92,-91,-90,-89,-88,-87,-86,-77,-75,-74,-71
19108|SUDDENLINK-COMMUNICATIONS - Suddenlink Communications|US|65|-124.147|-75.99200057983398|34.3878|-124,-122,-121,-120,-119,-118,-117,-116,-115,-114,-112,-111,-104,-103,-102,-101,-100,-99,-98,-97,-96,-95,-94,-93,-92,-91,-90,-88,-86,-84,-83,-82,-81,-80,-79,-78,-77,-75
9583|SIFY-AS-IN Sify Limited|IN|65|-121.856|95.63333892822266|15.454|-121,0,2,55,70,72,73,74,75,76,77,78,79,80,81,82,83,84,85,86,88,91,92,93,95
47605|FNE-AS|FI|65|23.7871|24.85878086090088|60.8753|23,24
6181|FUSE-NET - Cincinnati Bell Telephone Company LLC|US|65|-121.885|-74.31736373901367|39.0986|-121,-86,-84,-83,-74
6079|RCN-AS - RCN|US|64|-122.643|-71.06375885009766|40.6494|-122,-118,-117,-94,-87,-81,-77,-76,-75,-74,-73,-71
19024|INTERNAP-BLK5 - Internap Network Services Corporation|US|64|-122.153|-71.15227890014648|40.3333|-122,-121,-117,-88,-87,-84,-82,-77,-71
35297|DATALINE-AS|UA|64|26.9965|33.6088604927063|49.9684|26,30,32,33
28283|Adylnet Telecom|BR|64|-56.5211|-48.92417049407959|-27.7213|-56,-52,-51,-50,-48
8262|EVOLINK-AS|BG|63|23.3242|24.75000011920929|42.6687|23,24
8308|NASK-COMMERCIAL|PL|63|17.0333|21.011780977249146|51.8214|17,19,20,21
19551|INCAPSULA - Incapsula Inc|US|63|103.85|397.6155700683594|31.662|-122,-121,-104,-99,-96,-87,-82,-80,-79,-77,-46,-43,-3,0,4,7,8,9,12,18,21,34,37,103,114,121,139,144,151,172
3327|LINXTELECOM Linx Telecommunications B.V.|EE|63|21.0118|56.285518646240234|56.5759|21,24,26,28,30,34,37,56
7545|TPG-INTERNET-AP TPG Telecom Limited|AU|63|115.641|359.90000915527344|-33.8456|-121,-88,-84,0,115,116,117,118,121,130,133,135,137,138,139,140,141,142,143,144,145,146,147,148,149,150,151,152,153
11014|CPS|AR|63|124.845|302.0454635620117|-34.4343|-64,-59,-58,-57,124
28250|Vogel Soluções em Telecom e Informática S/A|BR|62|-46.6361|-38.4833288192749|-16.3999|-46,-44,-43,-42,-38
57344|TELEHOUSE-AS|BG|62|23.3242|27.916670322418213|42.7086|23,27
12179|INTERNAP-2BLK - Internap Network Services Corporation|US|62|-119.295|-64.61667251586914|34.0872|-119,-102,-99,-98,-97,-96,-95,-87,-82,-78,-73,-71,-64
2686|ATGS-MMD-AS - AT&T Global Network Services LLC|US|62|-121.705|34.78057098388672|41.1218|-121,-88,-86,-85,-82,-81,-74,-3,-1,0,2,4,5,7,8,9,10,13,14,16,34
12883|UCOMLINE PRIVATE JOINT-STOCK COMPANY "FARLEP-INVEST"|UA|62|24.0232|37.802239418029785|48.1126|24,25,30,31,32,33,34,37
53087|TELY Ltda.|BR|61|-46.6361|-34.83388805389404|-7.25255|-46,-37,-36,-35,-34
45899|VNPT-AS-VN VNPT Corp|VN|61|103.017|114.15769004821777|18.5569|103,104,105,106,107,108,109,114
29075|IELO IELO Main Network|FR|61|2.20675|24.75352954864502|46.8426|2,4,5,7,8,24
22561|CENTURYLINK-LEGACY-LIGHTCORE - CenturyTel Internet Holdings Inc.|US|61|-122.643|-74.653564453125|35.5242|-122,-118,-117,-114,-106,-104,-99,-98,-97,-96,-95,-94,-93,-92,-91,-90,-89,-88,-87,-86,-85,-84,-83,-82,-81,-80,-78,-76,-74
